<h3 style="margin:0px">Class: org.apache.commons.math4.linear.RectangularCholeskyDecompositionTest (3 methods) </h3><br><pre style="padding:0"><code class="html"><div id="tags"><button id="4"style="border-width:0;padding:0;background:#282B2E"  onclick="filter('4')" data-toggle="tooltip" title="Verifies whether objects/variable are equal to an expected value "><kbd id="tag-4"class="label-info"style="display: inline-block;font-size:7pt" >EqualityVerifier&nbsp;(2)</kbd></button>&nbsp;<button id="3"style="border-width:0;padding:0;background:#282B2E"  onclick="filter('3')" data-toggle="tooltip" title="Verifies values of objects/variables related to AUT calls"><kbd id="tag-3"class="label-info"style="display: inline-block;font-size:7pt" >InternalCallVerifier&nbsp;(2)</kbd></button>&nbsp;<button id="1"style="border-width:0;padding:0;background:#282B2E"  onclick="filter('1')" data-toggle="tooltip" title="Executes methods or other tests from the same test unit"><kbd id="tag-1"class="label-info"style="display: inline-block;font-size:7pt" >ExecutionTester&nbsp;(1)</kbd></button>&nbsp;<button id="6"style="border-width:0;padding:0;background:#282B2E"  onclick="filter('6')" data-toggle="tooltip" title="Contains more than 2 JUnit-based stereotypes"><kbd id="tag-6"class="label-info"style="display: inline-block;font-size:7pt" >HybridVerifier&nbsp;(1)</kbd></button>&nbsp;<button id="2"style="border-width:0;padding:0;background:#282B2E"  onclick="filter('2')" data-toggle="tooltip" title="Verifies boolean conditions"><kbd id="tag-2"class="label-info"style="display: inline-block;font-size:7pt" >BooleanVerifier&nbsp;(1)</kbd></button>&nbsp;</div></code></pre><center><button onclick="showBlocks()" style="margin:6px">Update filter <span class="glyphicon glyphicon-refresh" aria-hidden="true"></span> </button></center><br>
<pre class="type-2 type-3 type-4 type-6 "><code><span class="label label-info" style="display: inline-block;" data-toggle="tooltip" title="Verifies boolean conditions">BooleanVerifier</span>&nbsp;<span class="label label-info" style="display: inline-block;" data-toggle="tooltip" title="Verifies values of objects/variables related to AUT calls">InternalCallVerifier</span>&nbsp;<span class="label label-info" style="display: inline-block;" data-toggle="tooltip" title="Verifies whether objects/variable are equal to an expected value ">EqualityVerifier</span>&nbsp;<span class="label label-info" style="display: inline-block;" data-toggle="tooltip" title="Contains more than 2 JUnit-based stereotypes">HybridVerifier</span>&nbsp;<span class=" glyphicon glyphicon-comment" aria-hidden="true" label-info" data-toggle="tooltip" title="This method/test case: 
- Verifies boolean conditions
- Verifies values of objects/variables related to AUT calls
- Verifies whether objects/variable are equal to an expected value 
- Contains more than 2 JUnit-based stereotypes
"></span><br>
@Test public void testFullRank(){
  RealMatrix base=MatrixUtils.createRealMatrix(new double[][]{{0.1159548705,0.,0.,0.},{0.0896442724,0.1223540781,0.,0.},{0.0852155322,4.558668e-3,0.1083577299,0.},{0.0905486674,0.0213768077,0.0128878333,0.1014155693}});
  RealMatrix m=base.multiply(base.transpose());
  RectangularCholeskyDecomposition d=new RectangularCholeskyDecomposition(m,1.0e-10);
  RealMatrix root=d.getRootMatrix();
  RealMatrix rebuiltM=root.multiply(root.transpose());
  Assert.assertEquals(0.0,m.subtract(rebuiltM).getNorm(),1.0e-15);
  Assert.assertTrue(root.subtract(base).getNorm() > 0.3);
}

</code></pre>

<pre class="type-1 "><code><span class="label label-info" style="display: inline-block;" data-toggle="tooltip" title="Executes methods or other tests from the same test unit">ExecutionTester</span>&nbsp;<span class=" glyphicon glyphicon-comment" aria-hidden="true" label-info" data-toggle="tooltip" title="This method/test case: 
- Executes methods or other tests from the same test unit
"></span><br>
@Test public void testMath789(){
  final RealMatrix m1=MatrixUtils.createRealMatrix(new double[][]{{0.013445532,0.010394690,0.009881156,0.010499559},{0.010394690,0.023006616,0.008196856,0.010732709},{0.009881156,0.008196856,0.019023866,0.009210099},{0.010499559,0.010732709,0.009210099,0.019107243}});
  composeAndTest(m1,4);
  final RealMatrix m2=MatrixUtils.createRealMatrix(new double[][]{{0.0,0.0,0.0,0.0,0.0},{0.0,0.013445532,0.010394690,0.009881156,0.010499559},{0.0,0.010394690,0.023006616,0.008196856,0.010732709},{0.0,0.009881156,0.008196856,0.019023866,0.009210099},{0.0,0.010499559,0.010732709,0.009210099,0.019107243}});
  composeAndTest(m2,4);
  final RealMatrix m3=MatrixUtils.createRealMatrix(new double[][]{{0.013445532,0.010394690,0.0,0.009881156,0.010499559},{0.010394690,0.023006616,0.0,0.008196856,0.010732709},{0.0,0.0,0.0,0.0,0.0},{0.009881156,0.008196856,0.0,0.019023866,0.009210099},{0.010499559,0.010732709,0.0,0.009210099,0.019107243}});
  composeAndTest(m3,4);
}

</code></pre>

<pre class="type-3 type-4 "><code><span class="label label-info" style="display: inline-block;" data-toggle="tooltip" title="Verifies values of objects/variables related to AUT calls">InternalCallVerifier</span>&nbsp;<span class="label label-info" style="display: inline-block;" data-toggle="tooltip" title="Verifies whether objects/variable are equal to an expected value ">EqualityVerifier</span>&nbsp;<span class=" glyphicon glyphicon-comment" aria-hidden="true" label-info" data-toggle="tooltip" title="This method/test case: 
- Verifies values of objects/variables related to AUT calls
- Verifies whether objects/variable are equal to an expected value 
"></span><br>
@Test public void testDecomposition3x3(){
  RealMatrix m=MatrixUtils.createRealMatrix(new double[][]{{1,9,9},{9,225,225},{9,225,625}});
  RectangularCholeskyDecomposition d=new RectangularCholeskyDecomposition(m,1.0e-6);
  Assert.assertEquals(0.8,d.getRootMatrix().getEntry(0,2),1.0e-15);
  Assert.assertEquals(25.0,d.getRootMatrix().getEntry(2,0),1.0e-15);
  Assert.assertEquals(0.0,d.getRootMatrix().getEntry(2,2),1.0e-15);
  RealMatrix root=d.getRootMatrix();
  RealMatrix rebuiltM=root.multiply(root.transpose());
  Assert.assertEquals(0.0,m.subtract(rebuiltM).getNorm(),1.0e-15);
}

</code></pre>

<script>$(document).ready(function() {
  $('pre code').each(function(i, block) {
    hljs.highlightBlock(block);
  });
});</script>
