<h3 style="margin:0px">Class: org.apache.commons.math4.random.CorrelatedRandomVectorGeneratorTest (5 methods) </h3><br><pre style="padding:0"><code class="html"><div id="tags"><button id="5"style="border-width:0;padding:0;background:#282B2E"  onclick="filter('5')" data-toggle="tooltip" title="Verifies assertions in iterations"><kbd id="tag-5"class="label-info"style="display: inline-block;font-size:7pt" >IterativeVerifier&nbsp;(3)</kbd></button>&nbsp;<button id="4"style="border-width:0;padding:0;background:#282B2E"  onclick="filter('4')" data-toggle="tooltip" title="Verifies whether objects/variable are equal to an expected value "><kbd id="tag-4"class="label-info"style="display: inline-block;font-size:7pt" >EqualityVerifier&nbsp;(3)</kbd></button>&nbsp;<button id="12"style="border-width:0;padding:0;background:#282B2E"  onclick="filter('12')" data-toggle="tooltip" title="Verifies values related to public fields."><kbd id="tag-12"class="label-info"style="display: inline-block;font-size:7pt" >PublicFieldVerifier&nbsp;(2)</kbd></button>&nbsp;<button id="3"style="border-width:0;padding:0;background:#282B2E"  onclick="filter('3')" data-toggle="tooltip" title="Verifies values of objects/variables related to AUT calls"><kbd id="tag-3"class="label-info"style="display: inline-block;font-size:7pt" >InternalCallVerifier&nbsp;(2)</kbd></button>&nbsp;<button id="1"style="border-width:0;padding:0;background:#282B2E"  onclick="filter('1')" data-toggle="tooltip" title="Executes methods or other tests from the same test unit"><kbd id="tag-1"class="label-info"style="display: inline-block;font-size:7pt" >ExecutionTester&nbsp;(1)</kbd></button>&nbsp;<button id="2"style="border-width:0;padding:0;background:#282B2E"  onclick="filter('2')" data-toggle="tooltip" title="Verifies boolean conditions"><kbd id="tag-2"class="label-info"style="display: inline-block;font-size:7pt" >BooleanVerifier&nbsp;(1)</kbd></button>&nbsp;</div></code></pre><center><button onclick="showBlocks()" style="margin:6px">Update filter <span class="glyphicon glyphicon-refresh" aria-hidden="true"></span> </button></center><br>
<pre class="type-5 type-3 type-4 type-12 "><code><span class="label label-info" style="display: inline-block;" data-toggle="tooltip" title="Verifies assertions in iterations">IterativeVerifier</span>&nbsp;<span class="label label-info" style="display: inline-block;" data-toggle="tooltip" title="Verifies values of objects/variables related to AUT calls">InternalCallVerifier</span>&nbsp;<span class="label label-info" style="display: inline-block;" data-toggle="tooltip" title="Verifies whether objects/variable are equal to an expected value ">EqualityVerifier</span>&nbsp;<span class="label label-info" style="display: inline-block;" data-toggle="tooltip" title="Verifies values related to public fields.">PublicFieldVerifier</span>&nbsp;<span class=" glyphicon glyphicon-comment" aria-hidden="true" label-info" data-toggle="tooltip" title="This method/test case: 
- Verifies assertions in iterations
- Verifies values of objects/variables related to AUT calls
- Verifies whether objects/variable are equal to an expected value 
- Verifies values related to public fields.
"></span><br>
@Test public void testMeanAndCovariance(){
  VectorialMean meanStat=new VectorialMean(mean.length);
  VectorialCovariance covStat=new VectorialCovariance(mean.length,true);
  for (int i=0; i < 5000; ++i) {
    double[] v=generator.nextVector();
    meanStat.increment(v);
    covStat.increment(v);
  }
  double[] estimatedMean=meanStat.getResult();
  RealMatrix estimatedCovariance=covStat.getResult();
  for (int i=0; i < estimatedMean.length; ++i) {
    Assert.assertEquals(mean[i],estimatedMean[i],0.07);
    for (int j=0; j <= i; ++j) {
      Assert.assertEquals(covariance.getEntry(i,j),estimatedCovariance.getEntry(i,j),0.1 * (1.0 + FastMath.abs(mean[i])) * (1.0 + FastMath.abs(mean[j])));
    }
  }
}

</code></pre>

<pre class="type-4 "><code><span class="label label-info" style="display: inline-block;" data-toggle="tooltip" title="Verifies whether objects/variable are equal to an expected value ">EqualityVerifier</span>&nbsp;<span class=" glyphicon glyphicon-comment" aria-hidden="true" label-info" data-toggle="tooltip" title="This method/test case: 
- Verifies whether objects/variable are equal to an expected value 
"></span><br>
@Test public void testRank(){
  Assert.assertEquals(2,generator.getRank());
}

</code></pre>

<pre class="type-1 "><code><span class="label label-info" style="display: inline-block;" data-toggle="tooltip" title="Executes methods or other tests from the same test unit">ExecutionTester</span>&nbsp;<span class=" glyphicon glyphicon-comment" aria-hidden="true" label-info" data-toggle="tooltip" title="This method/test case: 
- Executes methods or other tests from the same test unit
"></span><br>
@Test public void testSampleWithZeroCovariance(){
  final double[][] covMatrix1=new double[][]{{0.013445532,0.010394690,0.009881156,0.010499559},{0.010394690,0.023006616,0.008196856,0.010732709},{0.009881156,0.008196856,0.019023866,0.009210099},{0.010499559,0.010732709,0.009210099,0.019107243}};
  final double[][] covMatrix2=new double[][]{{0.0,0.0,0.0,0.0,0.0},{0.0,0.013445532,0.010394690,0.009881156,0.010499559},{0.0,0.010394690,0.023006616,0.008196856,0.010732709},{0.0,0.009881156,0.008196856,0.019023866,0.009210099},{0.0,0.010499559,0.010732709,0.009210099,0.019107243}};
  final double[][] covMatrix3=new double[][]{{0.013445532,0.010394690,0.0,0.009881156,0.010499559},{0.010394690,0.023006616,0.0,0.008196856,0.010732709},{0.0,0.0,0.0,0.0,0.0},{0.009881156,0.008196856,0.0,0.019023866,0.009210099},{0.010499559,0.010732709,0.0,0.009210099,0.019107243}};
  testSampler(covMatrix1,10000,0.001);
  testSampler(covMatrix2,10000,0.001);
  testSampler(covMatrix3,10000,0.001);
}

</code></pre>

<pre class="type-5 type-2 type-12 "><code><span class="label label-info" style="display: inline-block;" data-toggle="tooltip" title="Verifies assertions in iterations">IterativeVerifier</span>&nbsp;<span class="label label-info" style="display: inline-block;" data-toggle="tooltip" title="Verifies boolean conditions">BooleanVerifier</span>&nbsp;<span class="label label-info" style="display: inline-block;" data-toggle="tooltip" title="Verifies values related to public fields.">PublicFieldVerifier</span>&nbsp;<span class=" glyphicon glyphicon-comment" aria-hidden="true" label-info" data-toggle="tooltip" title="This method/test case: 
- Verifies assertions in iterations
- Verifies boolean conditions
- Verifies values related to public fields.
"></span><br>
@Test public void testMath226(){
  double[] mean={1,1,10,1};
  double[][] cov={{1,3,2,6},{3,13,16,2},{2,16,38,-1},{6,2,-1,197}};
  RealMatrix covRM=MatrixUtils.createRealMatrix(cov);
  JDKRandomGenerator jg=new JDKRandomGenerator();
  jg.setSeed(5322145245211l);
  NormalizedRandomGenerator rg=new GaussianRandomGenerator(jg);
  CorrelatedRandomVectorGenerator sg=new CorrelatedRandomVectorGenerator(mean,covRM,0.00001,rg);
  double[] min=new double[mean.length];
  Arrays.fill(min,Double.POSITIVE_INFINITY);
  double[] max=new double[mean.length];
  Arrays.fill(max,Double.NEGATIVE_INFINITY);
  for (int i=0; i < 10; i++) {
    double[] generated=sg.nextVector();
    for (int j=0; j < generated.length; ++j) {
      min[j]=FastMath.min(min[j],generated[j]);
      max[j]=FastMath.max(max[j],generated[j]);
    }
  }
  for (int j=0; j < min.length; ++j) {
    Assert.assertTrue(max[j] - min[j] > 2.0);
  }
}

</code></pre>

<pre class="type-5 type-3 type-4 "><code><span class="label label-info" style="display: inline-block;" data-toggle="tooltip" title="Verifies assertions in iterations">IterativeVerifier</span>&nbsp;<span class="label label-info" style="display: inline-block;" data-toggle="tooltip" title="Verifies values of objects/variables related to AUT calls">InternalCallVerifier</span>&nbsp;<span class="label label-info" style="display: inline-block;" data-toggle="tooltip" title="Verifies whether objects/variable are equal to an expected value ">EqualityVerifier</span>&nbsp;<span class=" glyphicon glyphicon-comment" aria-hidden="true" label-info" data-toggle="tooltip" title="This method/test case: 
- Verifies assertions in iterations
- Verifies values of objects/variables related to AUT calls
- Verifies whether objects/variable are equal to an expected value 
"></span><br>
@Test public void testRootMatrix(){
  RealMatrix b=generator.getRootMatrix();
  RealMatrix bbt=b.multiply(b.transpose());
  for (int i=0; i < covariance.getRowDimension(); ++i) {
    for (int j=0; j < covariance.getColumnDimension(); ++j) {
      Assert.assertEquals(covariance.getEntry(i,j),bbt.getEntry(i,j),1.0e-12);
    }
  }
}

</code></pre>

<script>$(document).ready(function() {
  $('pre code').each(function(i, block) {
    hljs.highlightBlock(block);
  });
});</script>
