<h3 style="margin:0px">Class: org.apache.commons.math4.stat.correlation.SpearmansRankCorrelationTest (9 methods) </h3><br><pre style="padding:0"><code class="html"><div id="tags"><button id="4"style="border-width:0;padding:0;background:#282B2E"  onclick="filter('4')" data-toggle="tooltip" title="Verifies whether objects/variable are equal to an expected value "><kbd id="tag-4"class="label-info"style="display: inline-block;font-size:7pt" >EqualityVerifier&nbsp;(5)</kbd></button>&nbsp;<button id="3"style="border-width:0;padding:0;background:#282B2E"  onclick="filter('3')" data-toggle="tooltip" title="Verifies values of objects/variables related to AUT calls"><kbd id="tag-3"class="label-info"style="display: inline-block;font-size:7pt" >InternalCallVerifier&nbsp;(4)</kbd></button>&nbsp;<button id="20"style="border-width:0;padding:0;background:#282B2E"  onclick="filter('20')" data-toggle="tooltip" title="Is an empty test case"><kbd id="tag-20"class="label-info"style="display: inline-block;font-size:7pt" >EmptyTester&nbsp;(2)</kbd></button>&nbsp;<button id="7"style="border-width:0;padding:0;background:#282B2E"  onclick="filter('7')" data-toggle="tooltip" title="Verifies that exceptions are thrown during the test case execution"><kbd id="tag-7"class="label-info"style="display: inline-block;font-size:7pt" >ExceptionVerifier&nbsp;(2)</kbd></button>&nbsp;<button id="6"style="border-width:0;padding:0;background:#282B2E"  onclick="filter('6')" data-toggle="tooltip" title="Contains more than 2 JUnit-based stereotypes"><kbd id="tag-6"class="label-info"style="display: inline-block;font-size:7pt" >HybridVerifier&nbsp;(2)</kbd></button>&nbsp;<button id="12"style="border-width:0;padding:0;background:#282B2E"  onclick="filter('12')" data-toggle="tooltip" title="Verifies values related to public fields."><kbd id="tag-12"class="label-info"style="display: inline-block;font-size:7pt" >PublicFieldVerifier&nbsp;(1)</kbd></button>&nbsp;<button id="10"style="border-width:0;padding:0;background:#282B2E"  onclick="filter('10')" data-toggle="tooltip" title="Verifies (un)successful execution of the test case by reporting explicitly a failure"><kbd id="tag-10"class="label-info"style="display: inline-block;font-size:7pt" >UtilityVerifier&nbsp;(1)</kbd></button>&nbsp;<button id="2"style="border-width:0;padding:0;background:#282B2E"  onclick="filter('2')" data-toggle="tooltip" title="Verifies boolean conditions"><kbd id="tag-2"class="label-info"style="display: inline-block;font-size:7pt" >BooleanVerifier&nbsp;(1)</kbd></button>&nbsp;</div></code></pre><center><button onclick="showBlocks()" style="margin:6px">Update filter <span class="glyphicon glyphicon-refresh" aria-hidden="true"></span> </button></center><br>
<pre class="type-10 "><code><span class="label label-info" style="display: inline-block;" data-toggle="tooltip" title="Verifies (un)successful execution of the test case by reporting explicitly a failure">UtilityVerifier</span>&nbsp;<span class=" glyphicon glyphicon-comment" aria-hidden="true" label-info" data-toggle="tooltip" title="This method/test case: 
- Verifies (un)successful execution of the test case by reporting explicitly a failure
"></span><br>
/** 
 * Insufficient data
 */
@Override @Test public void testInsufficientData(){
  double[] one=new double[]{1};
  double[] two=new double[]{2};
  try {
    new SpearmansCorrelation().correlation(one,two);
    Assert.fail("Expecting MathIllegalArgumentException");
  }
 catch (  MathIllegalArgumentException ex) {
  }
  RealMatrix matrix=new BlockRealMatrix(new double[][]{{0},{1}});
  try {
    new SpearmansCorrelation(matrix);
    Assert.fail("Expecting MathIllegalArgumentException");
  }
 catch (  MathIllegalArgumentException ex) {
  }
}

</code></pre>

<pre class="type-3 type-4 "><code><span class="label label-info" style="display: inline-block;" data-toggle="tooltip" title="Verifies values of objects/variables related to AUT calls">InternalCallVerifier</span>&nbsp;<span class="label label-info" style="display: inline-block;" data-toggle="tooltip" title="Verifies whether objects/variable are equal to an expected value ">EqualityVerifier</span>&nbsp;<span class=" glyphicon glyphicon-comment" aria-hidden="true" label-info" data-toggle="tooltip" title="This method/test case: 
- Verifies values of objects/variables related to AUT calls
- Verifies whether objects/variable are equal to an expected value 
"></span><br>
@Override @Test public void testConsistency(){
  RealMatrix matrix=createRealMatrix(longleyData,16,7);
  SpearmansCorrelation corrInstance=new SpearmansCorrelation(matrix);
  double[][] data=matrix.getData();
  double[] x=matrix.getColumn(0);
  double[] y=matrix.getColumn(1);
  Assert.assertEquals(new SpearmansCorrelation().correlation(x,y),corrInstance.getCorrelationMatrix().getEntry(0,1),Double.MIN_VALUE);
  TestUtils.assertEquals("Correlation matrix",corrInstance.getCorrelationMatrix(),new SpearmansCorrelation().computeCorrelationMatrix(data),Double.MIN_VALUE);
}

</code></pre>

<pre class="type-3 type-4 type-7 type-12 type-6 "><code><span class="label label-info" style="display: inline-block;" data-toggle="tooltip" title="Verifies values of objects/variables related to AUT calls">InternalCallVerifier</span>&nbsp;<span class="label label-info" style="display: inline-block;" data-toggle="tooltip" title="Verifies whether objects/variable are equal to an expected value ">EqualityVerifier</span>&nbsp;<span class="label label-info" style="display: inline-block;" data-toggle="tooltip" title="Verifies that exceptions are thrown during the test case execution">ExceptionVerifier</span>&nbsp;<span class="label label-info" style="display: inline-block;" data-toggle="tooltip" title="Verifies values related to public fields.">PublicFieldVerifier</span>&nbsp;<span class="label label-info" style="display: inline-block;" data-toggle="tooltip" title="Contains more than 2 JUnit-based stereotypes">HybridVerifier</span>&nbsp;<span class=" glyphicon glyphicon-comment" aria-hidden="true" label-info" data-toggle="tooltip" title="This method/test case: 
- Verifies values of objects/variables related to AUT calls
- Verifies whether objects/variable are equal to an expected value 
- Verifies that exceptions are thrown during the test case execution
- Verifies values related to public fields.
- Contains more than 2 JUnit-based stereotypes
"></span><br>
@Test(expected=MathIllegalArgumentException.class) public void testMath891Matrix(){
  final double[] xArray=new double[]{Double.NaN,1.9,2,100,3};
  final double[] yArray=new double[]{10,2,10,Double.NaN,4};
  RealMatrix matrix=MatrixUtils.createRealMatrix(xArray.length,2);
  for (int i=0; i < xArray.length; i++) {
    matrix.addToEntry(i,0,xArray[i]);
    matrix.addToEntry(i,1,yArray[i]);
  }
  NaturalRanking ranking=new NaturalRanking(NaNStrategy.REMOVED);
  SpearmansCorrelation spearman=new SpearmansCorrelation(matrix,ranking);
  Assert.assertEquals(0.5,spearman.getCorrelationMatrix().getEntry(0,1),Double.MIN_VALUE);
}

</code></pre>

<pre class="type-3 type-4 "><code><span class="label label-info" style="display: inline-block;" data-toggle="tooltip" title="Verifies values of objects/variables related to AUT calls">InternalCallVerifier</span>&nbsp;<span class="label label-info" style="display: inline-block;" data-toggle="tooltip" title="Verifies whether objects/variable are equal to an expected value ">EqualityVerifier</span>&nbsp;<span class=" glyphicon glyphicon-comment" aria-hidden="true" label-info" data-toggle="tooltip" title="This method/test case: 
- Verifies values of objects/variables related to AUT calls
- Verifies whether objects/variable are equal to an expected value 
"></span><br>
/** 
 * Test Longley dataset against R.
 */
@Override @Test public void testLongly(){
  RealMatrix matrix=createRealMatrix(longleyData,16,7);
  SpearmansCorrelation corrInstance=new SpearmansCorrelation(matrix);
  RealMatrix correlationMatrix=corrInstance.getCorrelationMatrix();
  double[] rData=new double[]{1,0.982352941176471,0.985294117647059,0.564705882352941,0.2264705882352941,0.976470588235294,0.976470588235294,0.982352941176471,1,0.997058823529412,0.664705882352941,0.2205882352941176,0.997058823529412,0.997058823529412,0.985294117647059,0.997058823529412,1,0.638235294117647,0.2235294117647059,0.9941176470588236,0.9941176470588236,0.564705882352941,0.664705882352941,0.638235294117647,1,-0.3411764705882353,0.685294117647059,0.685294117647059,0.2264705882352941,0.2205882352941176,0.2235294117647059,-0.3411764705882353,1,0.2264705882352941,0.2264705882352941,0.976470588235294,0.997058823529412,0.9941176470588236,0.685294117647059,0.2264705882352941,1,1,0.976470588235294,0.997058823529412,0.9941176470588236,0.685294117647059,0.2264705882352941,1,1};
  TestUtils.assertEquals("Spearman's correlation matrix",createRealMatrix(rData,7,7),correlationMatrix,10E-15);
}

</code></pre>

<pre class="type-2 "><code><span class="label label-info" style="display: inline-block;" data-toggle="tooltip" title="Verifies boolean conditions">BooleanVerifier</span>&nbsp;<span class=" glyphicon glyphicon-comment" aria-hidden="true" label-info" data-toggle="tooltip" title="This method/test case: 
- Verifies boolean conditions
"></span><br>
/** 
 * Constant column
 */
@Override @Test public void testConstant(){
  double[] noVariance=new double[]{1,1,1,1};
  double[] values=new double[]{1,2,3,4};
  Assert.assertTrue(Double.isNaN(new SpearmansCorrelation().correlation(noVariance,values)));
}

</code></pre>

<pre class="type-4 type-7 type-6 "><code><span class="label label-info" style="display: inline-block;" data-toggle="tooltip" title="Verifies whether objects/variable are equal to an expected value ">EqualityVerifier</span>&nbsp;<span class="label label-info" style="display: inline-block;" data-toggle="tooltip" title="Verifies that exceptions are thrown during the test case execution">ExceptionVerifier</span>&nbsp;<span class="label label-info" style="display: inline-block;" data-toggle="tooltip" title="Contains more than 2 JUnit-based stereotypes">HybridVerifier</span>&nbsp;<span class=" glyphicon glyphicon-comment" aria-hidden="true" label-info" data-toggle="tooltip" title="This method/test case: 
- Verifies whether objects/variable are equal to an expected value 
- Verifies that exceptions are thrown during the test case execution
- Contains more than 2 JUnit-based stereotypes
"></span><br>
@Test(expected=MathIllegalArgumentException.class) public void testMath891Array(){
  final double[] xArray=new double[]{Double.NaN,1.9,2,100,3};
  final double[] yArray=new double[]{10,2,10,Double.NaN,4};
  NaturalRanking ranking=new NaturalRanking(NaNStrategy.REMOVED);
  SpearmansCorrelation spearman=new SpearmansCorrelation(ranking);
  Assert.assertEquals(0.5,spearman.correlation(xArray,yArray),Double.MIN_VALUE);
}

</code></pre>

<pre class="type-20 "><code><span class="label label-info" style="display: inline-block;" data-toggle="tooltip" title="Is an empty test case">EmptyTester</span>&nbsp;<span class=" glyphicon glyphicon-comment" aria-hidden="true" label-info" data-toggle="tooltip" title="This method/test case: 
- Is an empty test case
"></span><br>
@Override @Test public void testStdErrorConsistency(){
}

</code></pre>

<pre class="type-20 "><code><span class="label label-info" style="display: inline-block;" data-toggle="tooltip" title="Is an empty test case">EmptyTester</span>&nbsp;<span class=" glyphicon glyphicon-comment" aria-hidden="true" label-info" data-toggle="tooltip" title="This method/test case: 
- Is an empty test case
"></span><br>
@Override @Test public void testCovarianceConsistency(){
}

</code></pre>

<pre class="type-3 type-4 "><code><span class="label label-info" style="display: inline-block;" data-toggle="tooltip" title="Verifies values of objects/variables related to AUT calls">InternalCallVerifier</span>&nbsp;<span class="label label-info" style="display: inline-block;" data-toggle="tooltip" title="Verifies whether objects/variable are equal to an expected value ">EqualityVerifier</span>&nbsp;<span class=" glyphicon glyphicon-comment" aria-hidden="true" label-info" data-toggle="tooltip" title="This method/test case: 
- Verifies values of objects/variables related to AUT calls
- Verifies whether objects/variable are equal to an expected value 
"></span><br>
/** 
 * Test R swiss fertility dataset.
 */
@Test public void testSwiss(){
  RealMatrix matrix=createRealMatrix(swissData,47,5);
  SpearmansCorrelation corrInstance=new SpearmansCorrelation(matrix);
  RealMatrix correlationMatrix=corrInstance.getCorrelationMatrix();
  double[] rData=new double[]{1,0.2426642769364176,-0.660902996352354,-0.443257690360988,0.4136455623012432,0.2426642769364176,1,-0.598859938748963,-0.650463814145816,0.2886878090882852,-0.660902996352354,-0.598859938748963,1,0.674603831406147,-0.4750575257171745,-0.443257690360988,-0.650463814145816,0.674603831406147,1,-0.1444163088302244,0.4136455623012432,0.2886878090882852,-0.4750575257171745,-0.1444163088302244,1};
  TestUtils.assertEquals("Spearman's correlation matrix",createRealMatrix(rData,5,5),correlationMatrix,10E-15);
}

</code></pre>

<script>$(document).ready(function() {
  $('pre code').each(function(i, block) {
    hljs.highlightBlock(block);
  });
});</script>
